7926
6273
2047
2702
9845
9666
3195
9969
8947
5993
356
2574
2282
6679
6603
308
7660
9337
7445
11905
5485
4622
4245
10865
4241
2434
2464
7722
5107
10280
2263
9437
5153
1177
3562
10832
9764
9393
11713
853
744
3584
5495
4153
4758
2821
142
5041
3843
8888
11508
6006
3863
11159
3962
1718
11390
4773
8197
1589
53
8170
592
11573
2358
5806
10324
6022
7069
5657
10735
7705
5969
1557
7498
6677
6855
7788
5442
4776
3816
11154
34
5281
842
7550
4084
9202
8179
5614
9798
9706
6880
6787
4286
7347
7937
8675
7244
7979
10526
1740
8697
6660
7225
643
2166
2733
2257
8379
10148
5515
4656
106
1648
9659
8274
3130
1720
11672
10484
11607
5221
821
4844
11830
6175
8664
2079
7595
10496
2791
5813
10272
5844
7052
3999
11772
6527
1895
3387
8406
639
8593
4294
2601
2719
596
4256
7912
1300
3813
7221
1682
5805
3356
6882
615
430
2801
12049
10463
6656
11666
341
12246
906
10481
99
11010
3308
422
132
2957
11129
9619
3784
3404
3455
7955
4190
3565
10763
7896
9158
5915
3449
4380
10848
6111
10475
8880
9977
11000
2681
9505
3151
9926
3426
965
1566
5488
11225
6315
1190
389
2233
6177
12035
8246
10448
7291
177
7762
3299
3004
4889
1746
9780
6174
9603
1139
1201
4595
12214
7741
1645
5663
6393
11575
6515
3484
8332
10069
6506
5409
3485
256
11983
1701
9131
7559
8166
1239
5577
5861
1163
2880
5404
8540
10408
8442
3728
8089
6423
1667