12033
10110
5354
3688
8049
3335
1369
3237
6373
8897
10614
5916
6200
10538
3611
4218
2646
10076
12083
11521
8292
6368
5271
1708
3445
8293
5262
202
5384
6114
10132
4036
11852
7182
10576
10638
2174
5603
1997
10031
6888
8773
8478
4015
11600
4486
1329
3531
12031
5600
9544
11388
10587
5462
552
6289
10211
10812
8351
1851
8626
2272
9096
777
1800
2897
1302
5666
929
7397
8328
5862
2619
3881
1014
8212
7587
3822
8322
8373
7993
2158
648
8820
11645
11355
8469
767
11678
1296
10871
11820
11436
111
5121
1314
12017
8976
11347
11162
4895
8421
5972
10095
4556
7964
10477
3865
7521
11181
9058
9176
7483
3184
11138
3371
8390
9882
5250
5
7778
4725
5933
1505
5964
8986
1281
4182
9698
3113
5602
12236
6933
10956
6556
170
1293
105
10057
8647
3503
2118
10129
11671
7121
6262
1629
3398
9520
9044
9611
11134
4552
5117
3080
10037
1251
3798
4533
3102
3840
4430
7491
4990
4897
2071
1979
6163
3598
2575
7693
4227
10935
6496
11743
623
7961
7001
6335
3989
4922
5100
4279
10220
5808
4072
1042
6120
4708
5755
1453
5971
9419
204
11185
3607
11724
10188
3580
7004
387
10059
7815
618
7914
5771
269
2889
7934
6736
11635
8956
7019
7624
6282
8193
11033
10924
64
2384
2013
945
8215
10600
6624
2340
9514
1497
6670
4055
9313
9343
7536
912
7532
7155
6292
12161
4332
2440
4117
11469
5174
5098
9495
9203
11421
5784
2830
1808
8582
2111
1932
9075
9730
5504