7926 
4094 
7401 
6390 
5605 
712 
4564 
917 
3031 
2601 
10970 
8490 
8482 
4928 
10214 
4526 
10306 
7124 
7239 
11137 
1488 
10990 
9516 
284 
7686 
10727 
7726 
7924 
10491 
4105 
106 
1184 
4716 
8359 
1849 
9181 
11938 
2707 
1421 
10884 
7632 
68 
1684 
8168 
4069 
7307 
1471 
8572 
3585 
2199 
8763 
5105 
2161 
4332 
4514 
8007 
9312 
3296 
4259 
3440 
8679 
10442 
9688 
61 
4158 
8703 
11626 
11688 
7998 
765 
6774 
1278 
8588 
5438 
8512 
2600 
2153 
11610 
1475 
860 
11809 
1023 
682 
1812 
198 
6616 
264 
9969 
7568 
6910 
8380 
9237 
6027 
6898 
9407 
8661 
7665 
5362 
6302 
6852 
3132 
10161 
2380 
4466 
11781 
8607 
354 
6598 
9778 
7271 
6917 
2402 
12139 
3290 
497 
741 
4375 
723 
6970 
11677 
5973 
4043 
11154 
2326 
10808 
8527 
7456 
557 
11777 
10708 
3809 
2738 
457 
8939 
111 
7222 
5292 
11877 
4295 
10542 
6890 
10524 
10768 
7975 
11415 
8863 
4348 
3994 
1487 
4667 
10911 
2658 
11773 
6799 
8885 
1104 
8133 
4413 
4963 
5903 
3600 
2604 
1858 
4367 
5238 
2028 
2885 
4355 
3697 
1296 
11001 
4649 
11067 
9453 
10583 
10242 
11745 
10405 
9790 
11944 
9112 
8665 
2753 
5827 
2677 
9987 
4491 
10500 
3267 
11866 
11928 
2562 
7107 
11204 
1577 
823 
2586 
7825 
7006 
7969 
1953 
3258 
6751 
6933 
9104 
6160 
2502 
9066 
7680 
2693 
9794 
3958 
7196 
3097 
9581 
11197 
3633 
381 
9844 
8558 
11616 
2084 
9416 
2906 
6549 
10081 
11159 
7160 
774 
3341 
3539 
538 
3579 
10981 
1749 
275 
9777 
128 
4026 
4141 
959 
6739 
1051 
6337 
2783 
2775 
295 
8664 
8234 
10348 
6701 
10553 
5660 
4875 
3864 
7171 
