11265
2967
1845
2669
3573
1196
6138
11137
9127
5847
8431
4914
2463
7530
11202
5861
7618
7339
8261
10696
1051
5944
6576
791
5476
8025
10682
1481
659
5721
3922
7079
914
39
2843
6042
11010
1822
10745
10936
5589
8567
5884
797
11375
8726
4953
3700
222
12142
8502
4158
5285
8197
2221
2315
2155
3206
2271
55
4583
10964
4376
5087
10584
10894
6265
2567
3437
8705
9584
5895
11465
4496
8176
1204
9217
2180
8803
2814
8590
11271
822
11982
894
9435
10540
6862
8795
2162
5923
11667
6832
2025
5706
11060
1491
4342
10004
3057
8594
6482
1483
5148
8759
11516
6058
2801
808
8701
2973
11233
9247
3666
8562
4046
12167
6672
10484
6303
3661
6991
3953
2607
3855
1696
5965
9032
10541
4176
3608
2285
4150
9259
11040
2907
5437
807
8440
1190
5685
5715
9558
3006
8696
10497
3216
9044
10123
5060
184
7516
7988
783
10596
5595
3257
3030
5631
4818
2974
11750
6968
6550
10514
9218
7432
2263
9334
2063
6405
9759
3771
859
9145
10054
9533
10507
6324
10918
5655
2796
9
11914
5316
7493
9681
11476
1835
4382
8838
9626
11257
4239
1705
8077
10111
4077
5375
9043
1309
2026
8757
5242
8685
11466
4000
8666
5481
10060
9119
8334
9559
9402
5833
8067
2208
9784
5586
2551
578
5223
99
5609
3977
10356
2984
4385
6381
1605
7673
10427
8826
4834
2603
599
7404
3473
6902
319
9926
9005
3538
9761
9088
2406
11604
2264
11806
6809
1004
618
3108
3728
6079
610
7200
1852
7545
6716
11588
11430
6344
3241
5208
1653
10130
2229
10375
5572
1363
11497
3716
5365
8200
9018
5010
2202
9223
3342
8734
3364
5175
8059
11159
3560
8654
2276
10476
11524
2417
7222
3235
4069
8508
1128
4056
10273
4538
297
8270
3774
5888
11285
5770
11734
4884
3234
2999
611
8883
643
8710
3910
9238
7396
8914
3979
9163
4511
7394
974
1803
3245
8632
6439
7932
1248
2592
6162
6129
1465
10702
11959
880
5564
9713
9372
4630
5766
8553
3635
1568
5615
9298
9840
2403
10051
3068
10937
10674
6918
9845
10110
4392
2724
5184
6124
2265
12247
6617
11429
11965
9413
10413
7596
10732
2751
8877
8623
11456
8475
444
2909
6071
545
8195
2524
11859
1961
5256
7325
3447
7374
11201
10742
4927
9806
11326
6929
5366
7645
8521
3778
10659
4688
7781
7230
6485
2641
7291
7774
8145
3603
9106
924
5914
10610
11599
11833
724
6538
3513
10007
2589
8083
5935
6871
4703
11810
7278
10734
2958
10454
5041
10519
35
2675
3171
4251
9911
8201
5506
3627
10722
8818
7857
1713
12060
9547
11654
3690
4685
11107
12126
9927
6810
10887
5354
6956
5330
4591
447
9992
2060
10102
7685
1666
4430
4769
1195
12166
2723
5603
8982
2317
4920
12133
2661
11916
4004
8333
8711
4645
1938
9763
20
570
5989
8994
6534
2024
2109
349
6611
1974
532
10624
11443
2727
9041
8910
6020
6650
4440
2186
11567
5451
12120
71
11366
2098
5361
5960
5124
4166
3377
2038
4439
4607
4859
2397
1925
8135
1764
6642
163
8659
10351
4040
10119
12241
9511
5009
12077
11194
3197
3054
3154
9920
3930
5610
6957
10437
9261
2392
1646
5098
861
8464
680
6939
1034
535
5172
11283
2622
9497
420
3585
10131
12010
3361
12025
7840
10466
10010
1449
8343
3488
1723
3081
9670
4891
8472
6644
8094
9660
3649
4696
3864
8430
9817
2256
2799
8645
3906
7862
4869
9477
470
5457
5814
276
6516
5738
9776
4129
1303
7480
6995
4648
1213
11896
8409
8874
11598
5244
9625
6279
1577
572
4027
511
7669
8642
10421
2017
5919
1252
281
10516
8179
1522
7853
9592
31
6318
2502
2349
3281
4534
11349
10020
5004
10657
9006
46
2903
11942
2937
7341
5843
4480
1012
7607
119
1573
902
370
3071
12223
4093
9772
5431
11980
10079
7298
5386
6704
5850
11114
7671
8584
11244
3401
7299
9633
6961
2082
8284
8248
5975
675
7916
11774
10311
1360
74
10959
11979
5906
2103
283
5408
4271
10300
12068
1277
1359
6194
4634
8433
8819
4619
331
525
8190
6873
4107
1007
6248
1406
2865
4425
5096
10105
1630
10868
8340
2492
4433
2074
9916
7266
4124
9285
4470
3426
6184
2270
6639
762
6692
4565
2198
3667
6730
1669
6671
7399
10450
10203
11738
8111
2415
639
7565
4827
42
1692
5659
4013
6351
4139
2614
10943
2695
11596
9728
3999
6678
9613
10858
4168
2941
4304
12258
12191
2653
10288
7102
6543
5474
4344
8684
10731
10070
11929
292
5812
4951
6546
11911
11595
3229
6182
1329
809
6186
8453
1900
816
9399
2628
2962
7873
12172
2988
10687
2139
1242
6946
832
10029
7611
9790
1205
3885
6038
93
11279
2031
7237
2087
7552
3438
1872
88
5713
1548
5106
3087
6610
3369
11862
10240
1244
6682
2355
6499
6122
2472
6147
1927
8372
7078
11276
10117
4642
10795
5
5078
2194
1076
4525
940
11999
11556
12149
3991
8091
7158
7571
9459
2010
2366
646
2493
7451
9673
3306
6336
4505
11246
9010
8520
11935
3498
10629
7215
5461
5918
4095
5402
5161
550
6325
3
7827
8194
5756
1711
5657
7265
858
2242
9618
6829
4484
7689
6169
256
5392
6165
8386
9536
2187
1001
8534
8052
3668
7315
2411
3780
11846
10292
11142
8282
1354
9972
10587
5533
5136
4268
6299
1918
3408
9645
9000
9360
10631
10279
10642
1189
3353
8013
8906
5988
10268
5197
5890
2102
7166
11759
6651
3931
5558
761
5129
385
2852
543
6397
505
6985
10586
2083
5566
7448
197
9059
3648
1809
5885
8961
5550
11051
12135
9998
4042
1747
6969
4452
590
9346
12220
7317
11777
3293
4718
8546
5039
10284
6903
6759
9760
12270
7090
9189
4179
1847
566
8992
9009
5840
4006
3359
8407
3303
12131
11767
8103
7292
11560
10784
1113
6142
2008
10255
12234
2537
3727
12264
8817
557
11769
1017
10847
9607
12122
3978
11320
10259
11699
3492
7232
3213
4358
8615
9750
6855
8514
3157
8444
11704
7425
9053
7728
6729
3136
6005
11722
11701
2789
10456
2053
7168
7052
8822
9727
6532
11058
2553