6998
7688
11472
3709
514
1419
3189
3073
8188
12074
7452
10829
10808
4236
7105
3512
2513
1188
2816
10826
1797
7084
1727
3386
491
1626
5883
7028
3009
6749
10831
12271
11210
6263
10408
634
11683
9224
10761
9684
1424
10266
6514
7704
10296
12275
8233
4099
9128
11746
10970
2949
2138
10763
10399
6938
1834
6882
6235
4401
1232
1249
9675
8394
6062
1052
3151
10260
481
3482
3338
12246
5202
1695
5523
6948
10753
2924
10310
895
9651
5789
3272
8494
6199
243
10395
11479
4691
1280
4356
8432
6593
1182
10044
2793
4675
8158
11944
3256
9736
3844
9698
7389
9856
5112
9480
4683
6310
3590
10771
3075
8139
4351
5044
12262
4253
1335
2228
6888
9052
11888
12251
11899
881
1241
596
6833
8323
3942
5973
5105
4708
11943
269
8887
1959
11388
12238
10684
6461
7830
2926
6573
2189
1707
9240
8054
705
1855
4076
4849
9985
4072
2552
5757
3412
623
7999
9383
2976
4584
8530
4485
2047
2414
10238
3916
9691
5080
4839
6146
4323
4780
3026
11901
6743
10595
1721
1231
11284
5736
3905
6935
568
2790
7748
9595
7875
8231
782
2670
3083
2150
6250
10381
10974
10531
9301
5716
9165
8047
5163
10236
11735
5599
124
11254
3163
1869
8314
4094
7769
4119
3742
7886
3559
8997
1
10668
6872
3631
7154
5135
8693
4528
10153
8369
6803
2689
8154
3004
8210
11251
10148
4203
6356
9036
451
2630
212
9409
3295
8999
8102
11843
7253
10358
2368
7279
7613
842
9425
8341
1788
4055
9432
8912
4059
7012
10935
10619
3695
5290
4429
9949
10601
171
11799
1557
5897
4767
3698
3139
12242
7588
10339
10272
5937
7300
6073
11672
628
3563
6242
513
10934
7546
11587
7627
6102
3890
6228
4582
8549
10199
5414
2676
9602
7826
2130
10792
38
12080
2842
3570
8572
3511
6574
8043
5676
3549
9479
3602
7971
4057
6815
5771
956
6117
2975
325
8167
5808
7749
1901
11662
8611
136
5145
5816
7376
8835
3993
9234
6134
3368
2051
9716
9910
5622
1422
1808
5607
4047
8882
8964
10462
12230
5970
4833
9958
8138
4335
10551
11571
10167
8881
12219
10756
2325
9566
4266
1993
1957
8159
3280
608
2942
6840
11286
1657
2570
11416
4391
3537
4855
2943
162
10550
4810
469
6148
10307
7170
9871
9339
8668
10122
2634
9229
5761
4398
2900
7304
10588
7338
10195
1235
11873
5237
221
11181
5707
6960
7892
7739
3923
10210
649
2388
8719
2062
12014
9960
8989
4322
8224
12109
1599
2572
9730
6214
9669
8664
3962
616
4997
10932
1367
1832
10634
9028
5593
3246
2761
8938
6112
465
4503
3725
9965
4427
4784
9771
764
5372
2379
6335
1596
7442
7985
424
1811
6377
5545
6592
581
2147
3597
1769
5350
571
7160
8518
6753
1898
8792
231
12064
2401
10505
6880
10520
110
6656
9821
744
7619
11247
5069
9706
9207
3302
9561
1777
9380
5143
8595
7849
980
12093
3284
4631
6311
321
7087
7187
7044
11336
10453
5232
730
10289
122
6201
12179
1582
10078
3599
8477
2106
8316
7844
5382
5634
5802
8203
6864
6075
5117
4281
4880
8143
11164
10170
10410
4790
10963
8055
5801
3591
4221
1331
1200
7514
11087
11906
9709
8267
3630
9892
8132
8217
3707
1247
4252
9671
10221
478
8303
5596
1530
1908
6237
10614
7580
10397
5321
7924
1259
4638
7518
10364
9046
5472
5811
8575
2556
139
8181
249
9794
5650
4911
3285
4887
11643
3431
314
10404
11423
5556
6551
10876
694
10470
8528
2384
1423
11808
6614
4735
2040
330
5990
7070
7566
10206
12011
5200
12076
7283
11796
2963
10720
5538
3370
4306
2158
7652
234
6728
3703
9517
10697
10931
11920
4327
9317
1135
6638
2096
2467
2950
7600
3756
3011
2460
5553
11871
6463
1720
2596
4875
3312
11204
435
5314
11788
11329
2867
6794
2916
4985
8280
10671
7717
2046
9696
4170
7332
9797
1766
11074
1618
1364
7490
11798
2645
12117
828
10565
11101
3624
10283
7976
4117
5057
7517
5849
131
396
3323
11856
11593
7173
190
7838
401
943
4626
8673
6606
1688
4475
5611
869
528
4677
9361
10571
11828
8776
4112
4079
7649
8993
2309
3802
1609
6996
8438
9267
2847
5730
1078
6262
1327
2845
1003
6331
1531
9598
1358
9630
7242
7007
5357
10796
4471
11245
4353
6467
1971
9944
5703
12257
6185
9113
1733
6172
7006
3019
7824
11006
12054
7965
1587
6681
11371
2182
5066
6877
1507
6899
1018
8039
5231
1223
2041
4876
6525
11033
8878
4669
12155
8012
111
8588
5033
7000
3897
11100
10942
3525
2696
8389
3041
9631
4162
6513
7133
9623
9237
3432
10724
7977
10926
7835
1153
480
6703
1236
315
9922
3339
6768
2837
9642
7638
5407
1415
12103
2568
8636
3860
5856
7257
12174
6264
4632
10142
5018
9663
7690
4655
457
8033
2174
4408
839
682
1907
1122
181
4760
1575
6241
11064
1556
4999
1484
8215
8932
1198
4866
6164
130
2164
8536
6002
11273
615
1403
5859
8406
11054
560
2748
4925
10616
10232
7445
4586
11612
3917
12023
708
187
1096
9382
6470
482
3836
8178
907
7978
2809
1023
12016
3691
3273
10780
7267
5423
4610
7211
6984
4646
11934
9458
2253
2725
10057
5181
118
1197
7025
12033
1545
7235
683
4526
4556
9051
1801
9434
4804
7334
11490
982
6091
7956
6633
6065
11989
1209
4276
8545
6386
7634
6288
3250
6580
3938
12046
3569
10363
6195
1679
6575
994
11297
7268
1540
9433
7440
4183
11014
1482
5093
8758
3759
1647
7184
237
5899
8750
11470
4535
8216
3409
10863
4318
8079
1446
3379
11990
806
9347
10548
9419
11259
1651
7427
1438
8061
1024
9037
2065
5745
11065
4346
657
1536
6804
7674
3976
11636
11946
5154
5865
11566
5658
10186
7970
7035
8086
7926
8020
2044
4956
6083
1739
10388
10019
6541
5288
1515
11155
9444
4357
1674
4652
11594
11785
8419
11520
4199
7398
10202
9327
3162
6319
4520
9582
8760
11848
2216
4765
9450
3665
4297
9190
11834
1980
2902
2623
4380
11328
2711
7778
5327
1810
4394
1114
11393
4103
9045
6668
7572
8396
7274